0	1
1	2
2	3
3	4
4	5
5	6
6	7
7	8
8	9
9	10
10	11
11	12
12	13
13	14
14	15
15	16
16	17
17	18
18	19
19	20
20	21
21	22
22	23
23	24
24	25
25	26
26	27
27	28
28	29
29	30
30	31
31	32
32	34
33	35
34	36
35	38
36	39
37	40
38	41
39	42
40	43
41	44
42	45
43	46
44	47
45	48
46	49
47	50
48	52
49	54
50	55
51	57
52	58
53	60
54	61
55	62
56	63
57	64
58	65
59	66
60	68
61	69
62	70
63	71
64	72
65	73
66	74
67	75
68	76
69	77
70	78
71	79
72	80
73	81
74	82
75	83
76	84
77	85
78	86
79	87
80	88
81	89
82	92
83	93
84	94
85	95
86	96
87	97
88	99
89	100
90	101
91	102
92	103
93	104
94	105
95	106
96	107
97	110
98	111
99	112
100	113
101	114
102	116
103	117
104	118
105	119
106	121
107	122
108	123
109	124
110	125
111	126
112	128
113	129
114	131
115	132
116	135
117	137
118	140
119	141
120	144
121	145
122	146
123	147
124	148
125	149
126	150
127	151
128	152
129	153
130	154
131	155
132	156
133	157
134	158
135	159
136	160
137	161
138	162
139	163
140	164
141	165
142	166
143	168
144	169
145	170
146	171
147	172
148	173
149	174
150	175
151	176
152	177
153	178
154	179
155	180
156	181
157	182
158	183
159	184
160	185
161	186
162	187
163	188
164	189
165	190
166	191
167	193
168	194
169	195
170	196
171	197
172	198
173	199
174	200
175	201
176	202
177	203
178	204
179	205
180	206
181	207
182	208
183	209
184	210
185	211
186	212
187	213
188	214
189	215
190	216
191	217
192	218
193	219
194	220
195	222
196	223
197	224
198	225
199	227
200	228
201	229
202	230
203	231
204	232
205	233
206	234
207	235
208	236
209	237
210	238
211	239
212	240
213	241
214	242
215	243
216	244
217	245
218	246
219	247
220	248
221	249
222	250
223	251
224	252
225	253
226	254
227	255
228	256
229	257
230	258
231	259
232	260
233	261
234	262
235	263
236	265
237	266
238	267
239	268
240	269
241	270
242	271
243	272
244	273
245	274
246	275
247	276
248	277
249	278
250	279
251	280
252	281
253	282
254	283
255	287
256	288
257	289
258	290
259	291
260	292
261	293
262	294
263	295
264	296
265	297
266	298
267	299
268	300
269	301
270	302
271	303
272	304
273	305
274	306
275	307
276	308
277	309
278	312
279	313
280	314
281	315
282	316
283	317
284	318
285	319
286	320
287	321
288	322
289	324
290	325
291	326
292	327
293	328
294	329
295	330
296	331
297	332
298	333
299	334
300	335
301	336
302	337
303	338
304	339
305	340
306	341
307	342
308	343
309	344
310	345
311	346
312	347
313	348
314	349
315	350
316	351
317	352
318	353
319	354
320	355
321	356
322	357
323	358
324	359
325	360
326	361
327	362
328	363
329	364
330	365
331	366
332	367
333	368
334	369
335	370
336	371
337	372
338	373
339	374
340	375
341	376
342	377
343	378
344	379
345	380
346	381
347	382
348	383
349	384
350	385
351	386
352	387
353	388
354	389
355	390
356	391
357	392
358	393
359	394
360	397
361	405
362	407
363	408
364	409
365	410
366	411
367	412
368	413
369	414
370	415
371	416
372	417
373	418
374	419
375	420
376	421
377	422
378	423
379	424
380	425
381	426
382	427
383	428
384	429
385	430
386	431
387	432
388	433
389	434
390	435
391	436
392	437
393	438
394	440
395	441
396	442
397	443
398	444
399	445
400	446
401	447
402	448
403	449
404	450
405	451
406	452
407	453
408	454
409	455
410	456
411	457
412	458
413	459
414	460
415	461
416	462
417	463
418	464
419	465
420	466
421	467
422	468
423	469
424	470
425	471
426	472
427	473
428	474
429	475
430	476
431	477
432	478
433	479
434	480
435	481
436	482
437	483
438	484
439	485
440	486
441	487
442	488
443	489
444	490
445	491
446	492
447	493
448	494
449	495
450	496
451	497
452	498
453	499
454	500
455	501
456	502
457	503
458	504
459	505
460	506
461	507
462	508
463	509
464	510
465	511
466	512
467	513
468	514
469	515
470	516
471	517
472	518
473	519
474	520
475	521
476	522
477	523
478	524
479	525
480	527
481	528
482	529
483	531
484	532
485	533
486	534
487	535
488	536
489	537
490	538
491	539
492	540
493	541
494	542
495	543
496	544
497	546
498	547
499	548
500	549
501	550
502	551
503	552
504	553
505	554
506	555
507	556
508	558
509	561
510	562
511	563
512	564
513	565
514	566
515	567
516	568
517	569
518	570
519	571
520	573
521	574
522	575
523	577
524	580
525	581
526	583
527	585
528	586
529	587
530	588
531	589
532	590
533	592
534	593
535	594
536	595
537	596
538	597
539	599
540	600
541	602
542	603
543	605
544	606
545	608
546	609
547	610
548	611
549	612
550	613
551	615
552	616
553	617
554	619
555	621
556	626
557	627
558	628
559	631
560	632
561	633
562	635
563	637
564	638
565	639
566	640
567	645
568	647
569	648
570	649
571	650
572	653
573	656
574	659
575	661
576	662
577	663
578	665
579	667
580	668
581	669
582	670
583	671
584	673
585	674
586	678
587	680
588	681
589	685
590	688
591	691
592	692
593	694
594	695
595	697
596	700
597	702
598	703
599	704
600	705
601	707
602	708
603	709
604	710
605	711
606	714
607	715
608	716
609	718
610	719
611	720
612	722
613	724
614	725
615	728
616	731
617	733
618	735
619	736
620	737
621	741
622	742
623	743
624	745
625	746
626	747
627	748
628	750
629	751
630	753
631	754
632	759
633	760
634	761
635	762
636	764
637	765
638	766
639	767
640	769
641	771
642	778
643	779
644	780
645	781
646	782
647	783
648	784
649	785
650	786
651	788
652	793
653	798
654	799
655	800
656	801
657	802
658	803
659	804
660	805
661	806
662	807
663	808
664	809
665	810
666	813
667	818
668	824
669	828
670	829
671	830
672	831
673	832
674	833
675	835
676	836
677	837
678	838
679	839
680	840
681	841
682	842
683	846
684	848
685	849
686	850
687	851
688	852
689	858
690	860
691	861
692	862
693	863
694	864
695	866
696	867
697	869
698	870
699	875
700	876
701	877
702	879
703	880
704	881
705	882
706	885
707	886
708	888
709	891
710	892
711	893
712	896
713	897
714	898
715	899
716	900
717	901
718	902
719	903
720	904
721	905
722	906
723	907
724	908
725	909
726	910
727	911
728	912
729	913
730	914
731	915
732	916
733	917
734	918
735	919
736	920
737	921
738	922
739	923
740	924
741	925
742	926
743	927
744	928
745	929
746	930
747	931
748	932
749	933
750	934
751	935
752	936
753	937
754	938
755	939
756	940
757	941
758	942
759	943
760	944
761	945
762	946
763	947
764	948
765	949
766	950
767	951
768	952
769	953
770	954
771	955
772	956
773	957
774	958
775	959
776	960
777	961
778	962
779	963
780	964
781	965
782	967
783	968
784	969
785	970
786	971
787	973
788	974
789	976
790	978
791	982
792	984
793	986
794	987
795	988
796	990
797	991
798	992
799	994
800	996
801	997
802	998
803	999
804	1000
805	1003
806	1004
807	1005
808	1006
809	1007
810	1008
811	1009
812	1010
813	1011
814	1012
815	1013
816	1014
817	1015
818	1016
819	1017
820	1018
821	1019
822	1020
823	1021
824	1022
825	1023
826	1024
827	1025
828	1027
829	1028
830	1029
831	1030
832	1031
833	1032
834	1033
835	1034
836	1035
837	1036
838	1037
839	1038
840	1041
841	1042
842	1043
843	1044
844	1046
845	1047
846	1049
847	1050
848	1051
849	1053
850	1054
851	1055
852	1056
853	1057
854	1058
855	1059
856	1060
857	1061
858	1063
859	1064
860	1066
861	1067
862	1068
863	1069
864	1073
865	1076
866	1077
867	1078
868	1079
869	1080
870	1081
871	1082
872	1083
873	1084
874	1085
875	1086
876	1087
877	1088
878	1089
879	1090
880	1091
881	1092
882	1093
883	1094
884	1095
885	1096
886	1097
887	1099
888	1100
889	1101
890	1103
891	1104
892	1105
893	1111
894	1112
895	1113
896	1114
897	1116
898	1117
899	1119
900	1120
901	1121
902	1123
903	1124
904	1125
905	1126
906	1127
907	1128
908	1129
909	1130
910	1131
911	1132
912	1135
913	1136
914	1144
915	1147
916	1148
917	1150
918	1151
919	1152
920	1153
921	1154
922	1161
923	1162
924	1163
925	1167
926	1168
927	1169
928	1170
929	1171
930	1172
931	1173
932	1175
933	1176
934	1177
935	1178
936	1179
937	1180
938	1181
939	1183
940	1184
941	1185
942	1186
943	1187
944	1188
945	1189
946	1190
947	1191
948	1192
949	1193
950	1194
951	1196
952	1197
953	1198
954	1199
955	1200
956	1201
957	1202
958	1203
959	1204
960	1205
961	1206
962	1207
963	1208
964	1209
965	1210
966	1211
967	1212
968	1213
969	1214
970	1215
971	1216
972	1217
973	1218
974	1219
975	1220
976	1221
977	1222
978	1223
979	1224
980	1225
981	1226
982	1227
983	1228
984	1230
985	1231
986	1232
987	1233
988	1234
989	1235
990	1236
991	1237
992	1238
993	1240
994	1241
995	1242
996	1243
997	1244
998	1245
999	1246
1000	1247
1001	1248
1002	1249
1003	1250
1004	1251
1005	1252
1006	1253
1007	1254
1008	1255
1009	1256
1010	1257
1011	1258
1012	1259
1013	1260
1014	1261
1015	1262
1016	1263
1017	1264
1018	1265
1019	1266
1020	1267
1021	1268
1022	1269
1023	1270
1024	1271
1025	1272
1026	1273
1027	1274
1028	1275
1029	1276
1030	1277
1031	1278
1032	1279
1033	1280
1034	1281
1035	1282
1036	1283
1037	1284
1038	1285
1039	1286
1040	1287
1041	1288
1042	1289
1043	1290
1044	1291
1045	1292
1046	1293
1047	1294
1048	1295
1049	1296
1050	1297
1051	1298
1052	1299
1053	1300
1054	1301
1055	1302
1056	1303
1057	1304
1058	1305
1059	1306
1060	1307
1061	1310
1062	1312
1063	1313
1064	1317
1065	1320
1066	1321
1067	1322
1068	1323
1069	1324
1070	1325
1071	1326
1072	1327
1073	1328
1074	1329
1075	1330
1076	1331
1077	1332
1078	1333
1079	1334
1080	1335
1081	1336
1082	1337
1083	1339
1084	1340
1085	1341
1086	1342
1087	1343
1088	1344
1089	1345
1090	1346
1091	1347
1092	1348
1093	1349
1094	1350
1095	1351
1096	1352
1097	1353
1098	1354
1099	1355
1100	1356
1101	1357
1102	1358
1103	1359
1104	1361
1105	1362
1106	1363
1107	1365
1108	1366
1109	1367
1110	1370
1111	1371
1112	1372
1113	1373
1114	1374
1115	1375
1116	1376
1117	1377
1118	1378
1119	1379
1120	1380
1121	1381
1122	1382
1123	1383
1124	1385
1125	1387
1126	1388
1127	1389
1128	1390
1129	1391
1130	1392
1131	1393
1132	1394
1133	1395
1134	1396
1135	1397
1136	1398
1137	1399
1138	1401
1139	1404
1140	1405
1141	1406
1142	1407
1143	1408
1144	1409
1145	1410
1146	1411
1147	1412
1148	1413
1149	1414
1150	1415
1151	1416
1152	1417
1153	1419
1154	1421
1155	1422
1156	1423
1157	1425
1158	1426
1159	1427
1160	1428
1161	1429
1162	1431
1163	1432
1164	1437
1165	1438
1166	1439
1167	1440
1168	1441
1169	1442
1170	1445
1171	1446
1172	1447
1173	1449
1174	1450
1175	1453
1176	1454
1177	1455
1178	1456
1179	1457
1180	1458
1181	1459
1182	1460
1183	1461
1184	1463
1185	1464
1186	1465
1187	1466
1188	1468
1189	1472
1190	1473
1191	1474
1192	1475
1193	1476
1194	1477
1195	1479
1196	1480
1197	1482
1198	1483
1199	1484
1200	1485
1201	1487
1202	1488
1203	1489
1204	1490
1205	1493
1206	1494
1207	1495
1208	1496
1209	1497
1210	1498
1211	1499
1212	1500
1213	1501
1214	1502
1215	1503
1216	1504
1217	1507
1218	1508
1219	1509
1220	1511
1221	1513
1222	1515
1223	1516
1224	1517
1225	1518
1226	1520
1227	1523
1228	1525
1229	1526
1230	1527
1231	1529
1232	1531
1233	1533
1234	1535
1235	1537
1236	1539
1237	1541
1238	1542
1239	1544
1240	1545
1241	1546
1242	1547
1243	1549
1244	1550
1245	1551
1246	1552
1247	1554
1248	1556
1249	1562
1250	1563
1251	1564
1252	1565
1253	1566
1254	1569
1255	1570
1256	1571
1257	1572
1258	1573
1259	1574
1260	1575
1261	1580
1262	1581
1263	1582
1264	1583
1265	1584
1266	1585
1267	1586
1268	1587
1269	1588
1270	1589
1271	1590
1272	1591
1273	1592
1274	1593
1275	1594
1276	1595
1277	1596
1278	1597
1279	1598
1280	1599
1281	1600
1282	1601
1283	1602
1284	1603
1285	1604
1286	1605
1287	1606
1288	1608
1289	1609
1290	1610
1291	1611
1292	1612
1293	1613
1294	1614
1295	1615
1296	1616
1297	1617
1298	1619
1299	1620
1300	1621
1301	1623
1302	1624
1303	1625
1304	1626
1305	1627
1306	1629
1307	1631
1308	1632
1309	1633
1310	1635
1311	1639
1312	1640
1313	1641
1314	1642
1315	1643
1316	1644
1317	1645
1318	1646
1319	1647
1320	1648
1321	1649
1322	1650
1323	1651
1324	1653
1325	1654
1326	1655
1327	1656
1328	1657
1329	1658
1330	1660
1331	1661
1332	1662
1333	1663
1334	1665
1335	1666
1336	1667
1337	1668
1338	1669
1339	1670
1340	1671
1341	1672
1342	1673
1343	1674
1344	1675
1345	1676
1346	1677
1347	1678
1348	1679
1349	1680
1350	1681
1351	1682
1352	1683
1353	1684
1354	1686
1355	1687
1356	1688
1357	1689
1358	1690
1359	1692
1360	1693
1361	1694
1362	1695
1363	1696
1364	1699
1365	1701
1366	1702
1367	1703
1368	1704
1369	1707
1370	1711
1371	1713
1372	1715
1373	1717
1374	1719
1375	1721
1376	1722
1377	1725
1378	1726
1379	1727
1380	1728
1381	1729
1382	1730
1383	1731
1384	1732
1385	1733
1386	1734
1387	1735
1388	1739
1389	1743
1390	1744
1391	1746
1392	1747
1393	1748
1394	1749
1395	1750
1396	1752
1397	1753
1398	1754
1399	1755
1400	1756
1401	1758
1402	1759
1403	1760
1404	1762
1405	1767
1406	1769
1407	1770
1408	1771
1409	1772
1410	1777
1411	1779
1412	1783
1413	1784
1414	1785
1415	1788
1416	1791
1417	1792
1418	1793
1419	1794
1420	1797
1421	1798
1422	1799
1423	1801
1424	1804
1425	1805
1426	1806
1427	1807
1428	1809
1429	1810
1430	1811
1431	1812
1432	1814
1433	1816
1434	1817
1435	1821
1436	1822
1437	1824
1438	1825
1439	1826
1440	1827
1441	1829
1442	1831
1443	1833
1444	1834
1445	1835
1446	1836
1447	1837
1448	1839
1449	1840
1450	1841
1451	1844
1452	1845
1453	1846
1454	1848
1455	1850
1456	1853
1457	1854
1458	1855
1459	1856
1460	1857
1461	1858
1462	1859
1463	1860
1464	1862
1465	1863
1466	1864
1467	1865
1468	1866
1469	1867
1470	1869
1471	1870
1472	1872
1473	1873
1474	1874
1475	1875
1476	1876
1477	1878
1478	1879
1479	1880
1480	1881
1481	1882
1482	1883
1483	1884
1484	1885
1485	1887
1486	1888
1487	1889
1488	1892
1489	1893
1490	1894
1491	1895
1492	1896
1493	1897
1494	1898
1495	1899
1496	1900
1497	1902
1498	1904
1499	1906
1500	1907
1501	1909
1502	1910
1503	1911
1504	1912
1505	1913
1506	1914
1507	1916
1508	1917
1509	1918
1510	1919
1511	1920
1512	1921
1513	1922
1514	1923
1515	1924
1516	1925
1517	1926
1518	1927
1519	1928
1520	1929
1521	1931
1522	1932
1523	1933
1524	1934
1525	1935
1526	1936
1527	1937
1528	1938
1529	1939
1530	1940
1531	1941
1532	1942
1533	1943
1534	1944
1535	1945
1536	1946
1537	1947
1538	1948
1539	1949
1540	1950
1541	1951
1542	1952
1543	1953
1544	1954
1545	1955
1546	1956
1547	1957
1548	1958
1549	1959
1550	1960
1551	1961
1552	1962
1553	1963
1554	1964
1555	1965
1556	1966
1557	1967
1558	1968
1559	1969
1560	1970
1561	1971
1562	1972
1563	1973
1564	1974
1565	1975
1566	1976
1567	1977
1568	1978
1569	1979
1570	1980
1571	1981
1572	1982
1573	1983
1574	1984
1575	1985
1576	1986
1577	1987
1578	1988
1579	1989
1580	1990
1581	1991
1582	1992
1583	1993
1584	1994
1585	1995
1586	1996
1587	1997
1588	1998
1589	1999
1590	2000
1591	2001
1592	2002
1593	2003
1594	2004
1595	2005
1596	2006
1597	2007
1598	2008
1599	2009
1600	2010
1601	2011
1602	2012
1603	2013
1604	2014
1605	2015
1606	2016
1607	2017
1608	2018
1609	2019
1610	2020
1611	2021
1612	2022
1613	2023
1614	2024
1615	2025
1616	2026
1617	2027
1618	2028
1619	2029
1620	2031
1621	2032
1622	2033
1623	2034
1624	2035
1625	2036
1626	2037
1627	2038
1628	2040
1629	2041
1630	2042
1631	2043
1632	2044
1633	2045
1634	2046
1635	2047
1636	2048
1637	2049
1638	2050
1639	2051
1640	2052
1641	2053
1642	2054
1643	2055
1644	2056
1645	2057
1646	2058
1647	2059
1648	2060
1649	2062
1650	2064
1651	2065
1652	2066
1653	2067
1654	2068
1655	2069
1656	2070
1657	2071
1658	2072
1659	2073
1660	2074
1661	2075
1662	2076
1663	2077
1664	2078
1665	2079
1666	2080
1667	2081
1668	2082
1669	2083
1670	2084
1671	2085
1672	2086
1673	2087
1674	2088
1675	2089
1676	2090
1677	2091
1678	2092
1679	2093
1680	2094
1681	2095
1682	2096
1683	2097
1684	2098
1685	2099
1686	2100
1687	2101
1688	2102
1689	2103
1690	2104
1691	2105
1692	2106
1693	2107
1694	2108
1695	2109
1696	2110
1697	2111
1698	2112
1699	2113
1700	2114
1701	2115
1702	2116
1703	2117
1704	2118
1705	2119
1706	2120
1707	2121
1708	2122
1709	2123
1710	2124
1711	2125
1712	2126
1713	2128
1714	2130
1715	2131
1716	2132
1717	2133
1718	2134
1719	2135
1720	2136
1721	2137
1722	2138
1723	2139
1724	2140
1725	2141
1726	2142
1727	2143
1728	2144
1729	2145
1730	2146
1731	2147
1732	2148
1733	2149
1734	2150
1735	2151
1736	2152
1737	2153
1738	2154
1739	2155
1740	2157
1741	2158
1742	2159
1743	2160
1744	2161
1745	2162
1746	2163
1747	2164
1748	2165
1749	2166
1750	2167
1751	2168
1752	2169
1753	2170
1754	2171
1755	2173
1756	2174
1757	2175
1758	2176
1759	2177
1760	2178
1761	2179
1762	2180
1763	2181
1764	2182
1765	2183
1766	2184
1767	2185
1768	2186
1769	2187
1770	2188
1771	2189
1772	2190
1773	2191
1774	2193
1775	2194
1776	2195
1777	2196
1778	2197
1779	2201
1780	2202
1781	2203
1782	2204
1783	2205
1784	2206
1785	2208
1786	2209
1787	2210
1788	2211
1789	2212
1790	2215
1791	2219
1792	2221
1793	2227
1794	2231
1795	2232
1796	2236
1797	2237
1798	2238
1799	2239
1800	2240
1801	2241
1802	2243
1803	2245
1804	2246
1805	2247
1806	2248
1807	2249
1808	2250
1809	2252
1810	2253
1811	2255
1812	2256
1813	2257
1814	2259
1815	2260
1816	2261
1817	2262
1818	2263
1819	2264
1820	2265
1821	2266
1822	2267
1823	2268
1824	2269
1825	2271
1826	2272
1827	2273
1828	2275
1829	2276
1830	2278
1831	2279
1832	2280
1833	2281
1834	2282
1835	2283
1836	2284
1837	2285
1838	2286
1839	2287
1840	2288
1841	2289
1842	2290
1843	2291
1844	2292
1845	2293
1846	2294
1847	2295
1848	2296
1849	2297
1850	2298
1851	2300
1852	2301
1853	2302
1854	2303
1855	2305
1856	2306
1857	2307
1858	2310
1859	2311
1860	2312
1861	2313
1862	2314
1863	2315
1864	2316
1865	2318
1866	2320
1867	2321
1868	2322
1869	2323
1870	2324
1871	2325
1872	2326
1873	2327
1874	2328
1875	2329
1876	2330
1877	2331
1878	2333
1879	2334
1880	2335
1881	2336
1882	2337
1883	2338
1884	2339
1885	2340
1886	2341
1887	2342
1888	2344
1889	2345
1890	2346
1891	2347
1892	2348
1893	2349
1894	2350
1895	2351
1896	2352
1897	2353
1898	2354
1899	2355
1900	2356
1901	2357
1902	2359
1903	2360
1904	2361
1905	2362
1906	2363
1907	2364
1908	2365
1909	2366
1910	2367
1911	2368
1912	2369
1913	2370
1914	2371
1915	2372
1916	2373
1917	2374
1918	2375
1919	2376
1920	2377
1921	2378
1922	2379
1923	2380
1924	2381
1925	2382
1926	2383
1927	2384
1928	2385
1929	2386
1930	2387
1931	2388
1932	2389
1933	2390
1934	2391
1935	2392
1936	2393
1937	2394
1938	2395
1939	2396
1940	2397
1941	2398
1942	2399
1943	2400
1944	2401
1945	2402
1946	2403
1947	2404
1948	2405
1949	2406
1950	2407
1951	2408
1952	2409
1953	2410
1954	2411
1955	2412
1956	2413
1957	2414
1958	2415
1959	2416
1960	2417
1961	2418
1962	2419
1963	2420
1964	2421
1965	2422
1966	2423
1967	2424
1968	2425
1969	2426
1970	2427
1971	2428
1972	2429
1973	2430
1974	2431
1975	2432
1976	2433
1977	2434
1978	2435
1979	2436
1980	2437
1981	2439
1982	2440
1983	2441
1984	2442
1985	2443
1986	2445
1987	2446
1988	2447
1989	2448
1990	2449
1991	2450
1992	2451
1993	2452
1994	2453
1995	2454
1996	2455
1997	2456
1998	2457
1999	2458
2000	2459
2001	2460
2002	2461
2003	2462
2004	2463
2005	2465
2006	2466
2007	2467
2008	2468
2009	2469
2010	2470
2011	2471
2012	2472
2013	2473
2014	2474
2015	2475
2016	2476
2017	2477
2018	2478
2019	2479
2020	2481
2021	2482
2022	2483
2023	2485
2024	2488
2025	2490
2026	2491
2027	2492
2028	2493
2029	2494
2030	2495
2031	2496
2032	2497
2033	2498
2034	2499
2035	2500
2036	2501
2037	2502
2038	2504
2039	2505
2040	2506
2041	2507
2042	2509
2043	2511
2044	2512
2045	2513
2046	2514
2047	2515
2048	2516
2049	2517
2050	2518
2051	2519
2052	2520
2053	2521
2054	2522
2055	2523
2056	2524
2057	2525
2058	2526
2059	2527
2060	2528
2061	2529
2062	2530
2063	2531
2064	2532
2065	2533
2066	2534
2067	2535
2068	2536
2069	2537
2070	2539
2071	2540
2072	2541
2073	2542
2074	2544
2075	2545
2076	2546
2077	2548
2078	2549
2079	2550
2080	2551
2081	2552
2082	2553
2083	2554
2084	2555
2085	2558
2086	2559
2087	2560
2088	2561
2089	2565
2090	2566
2091	2567
2092	2568
2093	2570
2094	2571
2095	2572
2096	2573
2097	2574
2098	2575
2099	2577
2100	2579
2101	2580
2102	2581
2103	2582
2104	2583
2105	2585
2106	2586
2107	2587
2108	2589
2109	2590
2110	2593
2111	2594
2112	2596
2113	2597
2114	2598
2115	2599
2116	2600
2117	2605
2118	2606
2119	2607
2120	2609
2121	2610
2122	2611
2123	2612
2124	2613
2125	2614
2126	2615
2127	2616
2128	2617
2129	2618
2130	2620
2131	2621
2132	2622
2133	2624
2134	2625
2135	2626
2136	2627
2137	2628
2138	2629
2139	2630
2140	2632
2141	2633
2142	2634
2143	2635
2144	2636
2145	2637
2146	2638
2147	2639
2148	2640
2149	2641
2150	2642
2151	2643
2152	2644
2153	2645
2154	2646
2155	2647
2156	2648
2157	2649
2158	2650
2159	2651
2160	2652
2161	2653
2162	2654
2163	2655
2164	2656
2165	2657
2166	2658
2167	2659
2168	2660
2169	2661
2170	2662
2171	2663
2172	2664
2173	2665
2174	2666
2175	2667
2176	2668
2177	2669
2178	2670
2179	2671
2180	2672
2181	2674
2182	2675
2183	2676
2184	2677
2185	2678
2186	2681
2187	2682
2188	2683
2189	2686
2190	2687
2191	2688
2192	2689
2193	2690
2194	2691
2195	2692
2196	2693
2197	2694
2198	2695
2199	2696
2200	2697
2201	2699
2202	2700
2203	2701
2204	2702
2205	2704
2206	2706
2207	2707
2208	2708
2209	2709
2210	2710
2211	2711
2212	2712
2213	2713
2214	2714
2215	2715
2216	2716
2217	2717
2218	2718
2219	2719
2220	2720
2221	2721
2222	2722
2223	2723
2224	2724
2225	2725
2226	2726
2227	2727
2228	2728
2229	2729
2230	2730
2231	2731
2232	2732
2233	2733
2234	2734
2235	2735
2236	2736
2237	2737
2238	2738
2239	2739
2240	2740
2241	2741
2242	2743
2243	2744
2244	2745
2245	2746
2246	2747
2247	2748
2248	2749
2249	2750
2250	2751
2251	2752
2252	2753
2253	2754
2254	2755
2255	2756
2256	2757
2257	2758
2258	2759
2259	2761
2260	2762
2261	2763
2262	2764
2263	2766
2264	2767
2265	2768
2266	2769
2267	2770
2268	2771
2269	2772
2270	2773
2271	2774
2272	2775
2273	2776
2274	2778
2275	2779
2276	2780
2277	2781
2278	2782
2279	2783
2280	2784
2281	2785
2282	2786
2283	2787
2284	2788
2285	2789
2286	2790
2287	2791
2288	2792
2289	2793
2290	2794
2291	2795
2292	2796
2293	2797
2294	2798
2295	2799
2296	2800
2297	2801
2298	2802
2299	2803
2300	2804
2301	2805
2302	2806
2303	2807
2304	2808
2305	2809
2306	2810
2307	2812
2308	2813
2309	2815
2310	2816
2311	2817
2312	2818
2313	2819
2314	2820
2315	2822
2316	2824
2317	2826
2318	2827
2319	2828
2320	2829
2321	2830
2322	2834
2323	2835
2324	2836
2325	2837
2326	2839
2327	2840
2328	2841
2329	2842
2330	2843
2331	2844
2332	2846
2333	2847
2334	2848
2335	2849
2336	2851
2337	2852
2338	2853
2339	2854
2340	2855
2341	2856
2342	2857
2343	2858
2344	2859
2345	2860
2346	2861
2347	2862
2348	2863
2349	2864
2350	2865
2351	2866
2352	2867
2353	2868
2354	2870
2355	2871
2356	2872
2357	2873
2358	2874
2359	2875
2360	2876
2361	2877
2362	2878
2363	2879
2364	2880
2365	2881
2366	2882
2367	2883
2368	2884
2369	2885
2370	2886
2371	2888
2372	2889
2373	2890
2374	2891
2375	2892
2376	2893
2377	2894
2378	2896
2379	2897
2380	2898
2381	2899
2382	2900
2383	2901
2384	2902
2385	2903
2386	2904
2387	2905
2388	2906
2389	2907
2390	2908
2391	2912
2392	2913
2393	2914
2394	2915
2395	2916
2396	2917
2397	2918
2398	2919
2399	2920
2400	2921
2401	2922
2402	2923
2403	2924
2404	2925
2405	2926
2406	2927
2407	2928
2408	2929
2409	2931
2410	2932
2411	2935
2412	2936
2413	2937
2414	2938
2415	2939
2416	2940
2417	2941
2418	2942
2419	2943
2420	2944
2421	2945
2422	2946
2423	2947
2424	2948
2425	2949
2426	2950
2427	2951
2428	2952
2429	2953
2430	2956
2431	2959
2432	2961
2433	2962
2434	2963
2435	2964
2436	2965
2437	2966
2438	2967
2439	2968
2440	2969
2441	2970
2442	2971
2443	2972
2444	2973
2445	2974
2446	2975
2447	2976
2448	2977
2449	2978
2450	2979
2451	2981
2452	2982
2453	2983
2454	2985
2455	2986
2456	2987
2457	2988
2458	2989
2459	2990
2460	2991
2461	2992
2462	2993
2463	2994
2464	2995
2465	2996
2466	2997
2467	2998
2468	3000
2469	3002
2470	3004
2471	3005
2472	3006
2473	3007
2474	3008
2475	3010
2476	3011
2477	3012
2478	3013
2479	3014
2480	3015
2481	3016
2482	3017
2483	3018
2484	3019
2485	3020
2486	3021
2487	3022
2488	3024
2489	3025
2490	3028
2491	3029
2492	3030
2493	3031
2494	3032
2495	3033
2496	3034
2497	3035
2498	3036
2499	3037
2500	3038
2501	3039
2502	3040
2503	3041
2504	3042
2505	3043
2506	3044
2507	3045
2508	3046
2509	3047
2510	3048
2511	3049
2512	3050
2513	3051
2514	3052
2515	3053
2516	3054
2517	3055
2518	3058
2519	3060
2520	3061
2521	3062
2522	3063
2523	3064
2524	3066
2525	3067
2526	3068
2527	3069
2528	3070
2529	3071
2530	3072
2531	3073
2532	3074
2533	3075
2534	3076
2535	3077
2536	3078
2537	3079
2538	3081
2539	3082
2540	3083
2541	3086
2542	3087
2543	3088
2544	3089
2545	3090
2546	3091
2547	3092
2548	3093
2549	3094
2550	3095
2551	3096
2552	3097
2553	3098
2554	3099
2555	3100
2556	3101
2557	3102
2558	3103
2559	3104
2560	3105
2561	3106
2562	3107
2563	3108
2564	3109
2565	3110
2566	3111
2567	3112
2568	3113
2569	3114
2570	3115
2571	3116
2572	3117
2573	3118
2574	3120
2575	3121
2576	3122
2577	3124
2578	3125
2579	3127
2580	3128
2581	3129
2582	3130
2583	3132
2584	3133
2585	3134
2586	3135
2587	3137
2588	3138
2589	3139
2590	3141
2591	3142
2592	3143
2593	3144
2594	3145
2595	3146
2596	3147
2597	3148
2598	3150
2599	3152
2600	3153
2601	3155
2602	3156
2603	3157
2604	3158
2605	3159
2606	3160
2607	3161
2608	3162
2609	3163
2610	3165
2611	3167
2612	3168
2613	3169
2614	3171
2615	3173
2616	3174
2617	3175
2618	3176
2619	3177
2620	3178
2621	3179
2622	3180
2623	3181
2624	3182
2625	3183
2626	3185
2627	3186
2628	3188
2629	3189
2630	3190
2631	3192
2632	3194
2633	3196
2634	3197
2635	3198
2636	3199
2637	3200
2638	3201
2639	3203
2640	3204
2641	3206
2642	3208
2643	3210
2644	3211
2645	3213
2646	3214
2647	3215
2648	3217
2649	3218
2650	3219
2651	3221
2652	3222
2653	3223
2654	3224
2655	3225
2656	3230
2657	3235
2658	3238
2659	3239
2660	3240
2661	3241
2662	3243
2663	3244
2664	3246
2665	3247
2666	3248
2667	3249
2668	3250
2669	3251
2670	3252
2671	3253
2672	3254
2673	3255
2674	3256
2675	3257
2676	3258
2677	3259
2678	3260
2679	3261
2680	3262
2681	3263
2682	3264
2683	3265
2684	3266
2685	3267
2686	3268
2687	3269
2688	3270
2689	3271
2690	3272
2691	3273
2692	3274
2693	3275
2694	3276
2695	3281
2696	3282
2697	3283
2698	3284
2699	3285
2700	3286
2701	3287
2702	3289
2703	3296
2704	3298
2705	3299
2706	3300
2707	3301
2708	3302
2709	3304
2710	3306
2711	3307
2712	3308
2713	3309
2714	3310
2715	3311
2716	3313
2717	3316
2718	3317
2719	3318
2720	3319
2721	3320
2722	3324
2723	3325
2724	3326
2725	3327
2726	3328
2727	3329
2728	3330
2729	3331
2730	3333
2731	3334
2732	3335
2733	3338
2734	3339
2735	3340
2736	3341
2737	3342
2738	3343
2739	3344
2740	3345
2741	3347
2742	3349
2743	3350
2744	3351
2745	3354
2746	3355
2747	3357
2748	3358
2749	3359
2750	3360
2751	3361
2752	3362
2753	3363
2754	3364
2755	3365
2756	3366
2757	3367
2758	3368
2759	3370
2760	3371
2761	3372
2762	3374
2763	3375
2764	3379
2765	3384
2766	3385
2767	3386
2768	3387
2769	3388
2770	3389
2771	3390
2772	3391
2773	3392
2774	3393
2775	3394
2776	3395
2777	3396
2778	3397
2779	3398
2780	3399
2781	3400
2782	3401
2783	3402
2784	3403
2785	3404
2786	3405
2787	3406
2788	3408
2789	3409
2790	3412
2791	3414
2792	3415
2793	3416
2794	3417
2795	3418
2796	3419
2797	3420
2798	3421
2799	3422
2800	3423
2801	3424
2802	3425
2803	3426
2804	3427
2805	3428
2806	3429
2807	3430
2808	3431
2809	3432
2810	3433
2811	3434
2812	3435
2813	3436
2814	3437
2815	3438
2816	3439
2817	3440
2818	3441
2819	3442
2820	3444
2821	3445
2822	3446
2823	3447
2824	3448
2825	3449
2826	3450
2827	3451
2828	3452
2829	3453
2830	3454
2831	3456
2832	3457
2833	3459
2834	3461
2835	3462
2836	3463
2837	3464
2838	3465
2839	3466
2840	3467
2841	3468
2842	3469
2843	3470
2844	3471
2845	3473
2846	3474
2847	3475
2848	3476
2849	3477
2850	3478
2851	3479
2852	3480
2853	3481
2854	3483
2855	3484
2856	3486
2857	3487
2858	3488
2859	3489
2860	3490
2861	3491
2862	3492
2863	3494
2864	3495
2865	3496
2866	3497
2867	3498
2868	3499
2869	3500
2870	3501
2871	3502
2872	3503
2873	3504
2874	3505
2875	3506
2876	3507
2877	3508
2878	3509
2879	3510
2880	3511
2881	3512
2882	3513
2883	3514
2884	3515
2885	3516
2886	3518
2887	3519
2888	3520
2889	3521
2890	3524
2891	3525
2892	3526
2893	3527
2894	3528
2895	3529
2896	3531
2897	3532
2898	3534
2899	3535
2900	3536
2901	3537
2902	3538
2903	3539
2904	3540
2905	3543
2906	3544
2907	3545
2908	3546
2909	3547
2910	3548
2911	3549
2912	3550
2913	3551
2914	3552
2915	3553
2916	3554
2917	3555
2918	3556
2919	3557
2920	3559
2921	3562
2922	3563
2923	3564
2924	3565
2925	3566
2926	3567
2927	3568
2928	3569
2929	3570
2930	3571
2931	3572
2932	3573
2933	3574
2934	3576
2935	3577
2936	3578
2937	3579
2938	3580
2939	3581
2940	3584
2941	3585
2942	3586
2943	3587
2944	3588
2945	3590
2946	3591
2947	3593
2948	3594
2949	3596
2950	3597
2951	3598
2952	3599
2953	3600
2954	3602
2955	3604
2956	3605
2957	3606
2958	3608
2959	3610
2960	3611
2961	3612
2962	3613
2963	3614
2964	3615
2965	3616
2966	3617
2967	3618
2968	3619
2969	3620
2970	3622
2971	3623
2972	3624
2973	3625
2974	3626
2975	3627
2976	3628
2977	3629
2978	3632
2979	3633
2980	3634
2981	3635
2982	3637
2983	3638
2984	3639
2985	3640
2986	3642
2987	3643
2988	3644
2989	3645
2990	3646
2991	3649
2992	3653
2993	3654
2994	3655
2995	3658
2996	3659
2997	3660
2998	3661
2999	3662
3000	3663
3001	3664
3002	3665
3003	3667
3004	3668
3005	3669
3006	3670
3007	3671
3008	3672
3009	3673
3010	3674
3011	3675
3012	3676
3013	3677
3014	3678
3015	3679
3016	3680
3017	3681
3018	3682
3019	3683
3020	3684
3021	3685
3022	3686
3023	3688
3024	3689
3025	3690
3026	3691
3027	3692
3028	3693
3029	3694
3030	3695
3031	3696
3032	3697
3033	3698
3034	3699
3035	3700
3036	3701
3037	3702
3038	3703
3039	3704
3040	3705
3041	3706
3042	3707
3043	3708
3044	3709
3045	3710
3046	3711
3047	3712
3048	3713
3049	3714
3050	3715
3051	3716
3052	3717
3053	3718
3054	3719
3055	3720
3056	3721
3057	3723
3058	3724
3059	3725
3060	3726
3061	3727
3062	3728
3063	3729
3064	3730
3065	3731
3066	3732
3067	3733
3068	3734
3069	3735
3070	3736
3071	3737
3072	3738
3073	3739
3074	3740
3075	3741
3076	3742
3077	3743
3078	3744
3079	3745
3080	3746
3081	3747
3082	3749
3083	3751
3084	3752
3085	3753
3086	3754
3087	3755
3088	3756
3089	3757
3090	3758
3091	3759
3092	3760
3093	3761
3094	3763
3095	3764
3096	3765
3097	3766
3098	3767
3099	3768
3100	3769
3101	3770
3102	3771
3103	3773
3104	3774
3105	3775
3106	3776
3107	3777
3108	3780
3109	3781
3110	3782
3111	3783
3112	3784
3113	3785
3114	3786
3115	3787
3116	3788
3117	3789
3118	3790
3119	3791
3120	3792
3121	3793
3122	3794
3123	3795
3124	3796
3125	3797
3126	3798
3127	3799
3128	3801
3129	3802
3130	3804
3131	3805
3132	3806
3133	3807
3134	3808
3135	3809
3136	3810
3137	3811
3138	3812
3139	3813
3140	3814
3141	3816
3142	3817
3143	3819
3144	3820
3145	3821
3146	3822
3147	3823
3148	3824
3149	3825
3150	3826
3151	3827
3152	3830
3153	3831
3154	3832
3155	3833
3156	3834
3157	3835
3158	3836
3159	3837
3160	3838
3161	3839
3162	3840
3163	3841
3164	3843
3165	3844
3166	3845
3167	3846
3168	3847
3169	3848
3170	3849
3171	3850
3172	3851
3173	3852
3174	3853
3175	3854
3176	3855
3177	3857
3178	3858
3179	3859
3180	3860
3181	3861
3182	3862
3183	3863
3184	3864
3185	3865
3186	3867
3187	3868
3188	3869
3189	3870
3190	3871
3191	3872
3192	3873
3193	3874
3194	3877
3195	3878
3196	3879
3197	3880
3198	3882
3199	3883
3200	3884
3201	3885
3202	3886
3203	3889
3204	3892
3205	3893
3206	3894
3207	3895
3208	3896
3209	3897
3210	3898
3211	3900
3212	3901
3213	3902
3214	3903
3215	3906
3216	3908
3217	3909
3218	3910
3219	3911
3220	3912
3221	3913
3222	3914
3223	3915
3224	3916
3225	3917
3226	3918
3227	3919
3228	3920
3229	3921
3230	3922
3231	3923
3232	3924
3233	3925
3234	3926
3235	3927
3236	3928
3237	3929
3238	3930
3239	3931
3240	3932
3241	3933
3242	3934
3243	3935
3244	3936
3245	3937
3246	3938
3247	3939
3248	3940
3249	3941
3250	3942
3251	3943
3252	3945
3253	3946
3254	3947
3255	3948
3256	3949
3257	3950
3258	3951
3259	3952
